					2018-08-07
Result of analyse of data: 1647096 values with 16237 bad values (1.0%) (taken out)
Min Rain	1986	1987	1988	1989	1990	1991	1992	1993	1994	1995	1996	1997	1998	1999	2000	2001	2002	2003	2004	2005	2006	2007	2008	2009	2010	2011	2012	2013	2014	2015	2016	2017	2018	
1	34	122	132	107	95	86	118	103	105	131	103	97	102	130	100	128	126	96	100	94	106	106	124	96	94	99	135	106	105	96	110	109	37
2	22	94	95	84	80	70	102	82	82	101	84	74	76	106	82	92	105	79	86	77	89	94	98	76	72	76	96	87	104	68	81	93	33
3	19	78	70	63	68	54	87	64	74	89	69	66	60	87	61	72	82	58	55	54	65	79	77	49	57	53	83	72	80	67	68	65	29
4	19	62	58	53	54	42	63	50	63	65	53	54	53	70	46	54	61	42	43	46	54	60	62	43	46	38	64	57	65	55	55	48	21
5	15	50	45	38	48	39	49	40	49	46	38	44	45	58	39	44	47	37	34	36	46	56	56	31	37	30	50	47	51	36	47	42	14
6	9	37	33	23	35	30	45	36	46	37	36	32	32	47	32	31	38	20	24	28	30	44	41	26	36	25	41	40	43	29	29	32	13
7	8	23	26	22	27	26	36	30	40	34	27	23	19	37	25	23	32	15	21	25	24	41	33	17	30	19	26	32	31	26	23	29	9
8	5	15	15	16	24	22	30	23	36	23	20	21	16	27	20	13	24	10	21	22	20	31	26	15	20	17	22	27	29	22	16	22	8
9	5	15	12	16	21	17	22	23	27	18	17	19	11	21	20	9	17	8	19	19	16	29	25	12	15	13	18	20	19	19	17	15	9
10	2	9	10	12	19	14	15	19	21	14	14	15	8	17	17	7	19	9	15	18	11	24	18	11	12	9	13	16	15	17	12	14	6
11	2	5	8	10	16	13	13	17	18	15	10	13	7	12	12	6	17	5	9	13	11	18	17	5	9	9	11	15	14	14	9	10	4
12	2	4	6	7	17	11	11	10	13	11	8	12	4	10	12	6	13	4	7	8	10	12	11	3	9	9	9	8	11	11	6	9	3
13	2	4	4	6	12	11	9	7	13	10	11	11	4	7	8	6	10	2	7	6	9	7	7	3	5	5	8	7	6	6	4	8	3
14	1	4	2	5	9	8	9	6	10	8	8	9	4	4	6	5	9	2	5	6	6	7	6	2	6	5	6	7	6	3	4	5	2
15	1	4	2	3	8	7	5	5	6	8	7	8	4	3	6	5	7	2	5	5	5	5	5	2	3	3	4	6	5	4	4	4	2
16	1	3	2	2	5	7	5	5	7	7	5	7	1	2	5	5	5	1	5	4	5	4	4	1	4	3	3	6	5	4	3	5	2
17	1	2	1	2	5	7	4	4	6	9	2	7	1	2	5	6	6	5	4	5	3	4	1	1	1	1	4	4	2	1	4	2
18	1	2	1	2	3	6	2	4	4	7	1	5	1	2	3	7	5	6	4	4	3	4	1	1	2	1	4	5	2	1	3	2
19	1	1	1	3	3	7	1	4	4	5	1	4	1	2	2	5	3	5	3	2	3	4	1	1	1	3	4	2	1	2	3
20	2	1	1	1	1	6	1	4	4	5	4	1	2	2	5	2	6	1	2	2	2	1	1	1	4	2	1	2	1
21	1	1	4	1	2	2	4	4	2	2	1	3	3	4	1	2	2	1	1	1	2	2	1
22	1	1	2	1	2	2	3	2	2	1	3	2	3	1	2	1	1	1	1	2	1	1
23	1	1	4	1	2	2	3	2	2	1	2	2	3	1	2	1	1	2	1
24	1	1	2	1	2	2	2	2	2	1	2	2	3	1	2	1	1	1	1
25	1	1	1	1	1	1	1	1	1	2	2	2	1	3	1	1	1	1