					2018-08-07
Result of analyse of data: 1647096 values with 16237 bad values (1.0%) (taken out)
Delta T: 4
Year	Winter			Spring			Summer			Autumn
	Pos.	Neg.	Total	Pos.	Neg.	Total	Pos.	Neg.	Total	Pos.	Neg.	Total
1986	9	10	19	0	0	0	0	0	0	19	21	40
1987	28	21	49	33	30	63	37	28	65	31	30	61
1988	30	30	60	29	22	51	34	30	64	26	20	46
1989	24	24	48	29	27	56	32	24	56	27	27	54
1990	28	26	54	30	21	51	29	29	58	25	36	61
1991	24	23	47	24	22	46	27	20	47	26	27	53
1992	25	27	52	28	20	48	28	23	51	27	25	52
1993	28	30	58	25	24	49	32	27	59	21	18	39
1994	26	30	56	31	23	54	26	31	57	26	23	49
1995	34	26	60	27	28	55	24	23	47	25	23	48
1996	24	25	49	26	24	50	26	27	53	32	25	57
1997	24	26	50	30	27	57	28	24	52	19	27	46
1998	25	25	50	26	26	52	34	23	57	26	24	50
1999	32	29	61	29	21	50	29	25	54	29	26	55
2000	25	31	56	30	22	52	31	26	57	27	24	51
2001	28	30	58	30	26	56	31	26	57	30	30	60
2002	28	21	49	29	21	50	29	25	54	33	28	61
2003	26	28	54	31	23	54	31	28	59	25	30	55
2004	25	25	50	26	20	46	34	28	62	24	28	52
2005	19	27	46	23	24	47	21	23	44	19	21	40
2006	22	23	45	32	26	58	23	28	51	25	25	50
2007	26	26	52	23	21	44	33	27	60	26	25	51
2008	29	23	52	32	29	61	31	29	60	22	25	47
2009	29	29	58	31	24	55	30	29	59	22	26	48
2010	31	28	59	29	23	52	29	29	58	24	28	52
2011	29	22	51	27	23	50	32	23	55	19	18	37
2012	36	29	65	27	28	55	26	29	55	29	23	52
2013	24	28	52	33	28	61	30	23	53	31	25	56
2014	27	33	60	30	20	50	34	28	62	29	21	50
2015	27	23	50	30	22	52	28	24	52	28	30	58
2016	25	26	51	31	27	58	20	23	43	22	22	44
2017	29	30	59	32	25	57	28	27	55	24	27	51
2018	17	19	36	21	19	40	0	0	0	0	0	0
Delta T: 5
Year	Winter			Spring			Summer			Autumn
	Pos.	Neg.	Total	Pos.	Neg.	Total	Pos.	Neg.	Total	Pos.	Neg.	Total
1986	7	5	12	0	0	0	0	0	0	17	16	33
1987	18	15	33	23	25	48	30	27	57	19	23	42
1988	22	22	44	25	15	40	29	25	54	16	16	32
1989	15	16	31	19	17	36	21	22	43	16	19	35
1990	20	22	42	21	16	37	23	23	46	19	24	43
1991	19	16	35	10	16	26	18	18	36	18	17	35
1992	19	18	37	20	18	38	16	21	37	19	22	41
1993	25	19	44	18	16	34	18	22	40	13	16	29
1994	17	19	36	26	16	42	19	24	43	18	16	34
1995	26	20	46	20	22	42	13	20	33	16	14	30
1996	17	15	32	18	22	40	17	21	38	23	20	43
1997	21	18	39	24	17	41	21	18	39	11	19	30
1998	15	17	32	21	14	35	23	22	45	15	16	31
1999	28	26	54	21	17	38	20	21	41	17	19	36
2000	22	21	43	19	20	39	24	22	46	19	24	43
2001	20	22	42	21	20	41	24	20	44	18	20	38
2002	22	15	37	14	18	32	17	23	40	20	21	41
2003	22	22	44	25	16	41	23	24	47	15	21	36
2004	18	18	36	18	16	34	26	21	47	19	22	41
2005	14	18	32	21	18	39	17	16	33	13	16	29
2006	17	13	30	25	19	44	21	16	37	17	19	36
2007	23	20	43	12	18	30	27	21	48	16	17	33
2008	22	15	37	26	22	48	20	21	41	18	17	35
2009	18	16	34	23	17	40	23	20	43	17	18	35
2010	22	20	42	19	18	37	19	24	43	17	22	39
2011	20	14	34	20	17	37	23	16	39	12	11	23
2012	26	22	48	20	17	37	19	25	44	18	20	38
2013	22	19	41	22	19	41	14	20	34	18	20	38
2014	19	22	41	15	16	31	21	23	44	17	13	30
2015	20	19	39	21	17	38	16	15	31	21	16	37
2016	16	20	36	24	17	41	15	18	33	15	17	32
2017	25	22	47	15	19	34	19	19	38	18	20	38
2018	14	17	31	14	14	28	0	0	0	0	0	0
Delta T: 6
Year	Winter			Spring			Summer			Autumn
	Pos.	Neg.	Total	Pos.	Neg.	Total	Pos.	Neg.	Total	Pos.	Neg.	Total
1986	6	5	11	0	0	0	0	0	0	13	9	22
1987	12	10	22	10	18	28	22	26	48	12	20	32
1988	17	18	35	16	13	29	21	21	42	11	15	26
1989	11	11	22	13	16	29	12	19	31	10	11	21
1990	12	17	29	12	11	23	15	19	34	16	16	32
1991	12	14	26	6	9	15	14	14	28	7	11	18
1992	13	12	25	13	15	28	9	15	24	11	11	22
1993	17	17	34	9	11	20	12	17	29	8	12	20
1994	11	12	23	17	14	31	13	20	33	10	11	21
1995	21	15	36	16	13	29	8	12	20	9	11	20
1996	11	8	19	12	14	26	12	13	25	16	16	32
1997	15	14	29	9	15	24	15	11	26	9	10	19
1998	10	11	21	16	10	26	14	19	33	11	14	25
1999	21	19	40	12	10	22	8	16	24	10	11	21
2000	16	15	31	15	16	31	13	21	34	15	13	28
2001	12	12	24	13	12	25	18	18	36	11	15	26
2002	14	10	24	11	12	23	12	17	29	14	17	31
2003	16	17	33	14	13	27	11	21	32	12	13	25
2004	16	15	31	12	11	23	16	16	32	13	12	25
2005	13	11	24	13	9	22	9	14	23	5	10	15
2006	9	9	18	17	19	36	10	12	22	9	14	23
2007	16	16	32	10	13	23	16	18	34	12	15	27
2008	16	11	27	19	16	35	10	18	28	11	13	24
2009	16	11	27	14	13	27	16	16	32	12	13	25
2010	16	14	30	8	10	18	7	16	23	14	14	28
2011	13	9	22	9	14	23	14	13	27	7	9	16
2012	20	15	35	16	14	30	15	16	31	14	14	28
2013	16	13	29	13	14	27	6	17	23	12	17	29
2014	17	14	31	8	11	19	14	15	29	11	11	22
2015	15	17	32	14	15	29	10	13	23	13	11	24
2016	14	14	28	14	15	29	11	12	23	12	13	25
2017	21	17	38	10	15	25	12	17	29	11	13	24
2018	13	9	22	13	9	22	0	0	0	0	0	0
Delta T: 7
Year	Winter			Spring			Summer			Autumn
	Pos.	Neg.	Total	Pos.	Neg.	Total	Pos.	Neg.	Total	Pos.	Neg.	Total
1986	6	1	7	0	0	0	0	0	0	7	8	15
1987	6	9	15	6	10	16	15	24	39	9	11	20
1988	16	12	28	4	11	15	15	18	33	7	12	19
1989	9	8	17	9	14	23	5	10	15	8	8	16
1990	11	12	23	5	5	10	7	16	23	9	9	18
1991	11	11	22	2	6	8	8	10	18	6	9	15
1992	8	8	16	10	9	19	6	11	17	7	7	14
1993	9	14	23	8	5	13	6	12	18	3	10	13
1994	8	8	16	6	8	14	7	12	19	5	8	13
1995	18	13	31	14	10	24	4	8	12	6	9	15
1996	9	6	15	8	7	15	5	10	15	12	11	23
1997	13	9	22	8	13	21	6	12	18	5	9	14
1998	8	9	17	13	9	22	6	12	18	6	8	14
1999	17	16	33	4	11	15	5	14	19	10	8	18
2000	9	8	17	12	13	25	8	15	23	12	11	23
2001	9	11	20	8	10	18	11	8	19	9	11	20
2002	12	7	19	8	9	17	7	13	20	12	12	24
2003	12	12	24	8	11	19	8	17	25	8	9	17
2004	12	8	20	7	8	15	9	13	22	8	10	18
2005	8	8	16	10	8	18	5	8	13	2	4	6
2006	5	7	12	10	13	23	5	10	15	5	8	13
2007	10	12	22	6	9	15	6	16	22	6	9	15
2008	11	9	20	10	14	24	6	10	16	6	8	14
2009	14	8	22	9	12	21	9	12	21	7	9	16
2010	14	11	25	3	7	10	5	11	16	6	11	17
2011	9	8	17	7	9	16	4	11	15	5	6	11
2012	15	11	26	11	9	20	7	10	17	9	10	19
2013	13	7	20	9	8	17	4	12	16	8	16	24
2014	14	8	22	3	7	10	6	13	19	5	6	11
2015	14	10	24	7	11	18	5	12	17	7	7	14
2016	7	8	15	10	12	22	6	10	16	7	11	18
2017	13	14	27	10	10	20	6	12	18	7	12	19
2018	10	8	18	6	4	10	0	0	0	0	0	0
Delta T: 8
Year	Winter			Spring			Summer			Autumn
	Pos.	Neg.	Total	Pos.	Neg.	Total	Pos.	Neg.	Total	Pos.	Neg.	Total
1986	3	2	5	0	0	0	0	0	0	4	5	9
1987	5	8	13	5	4	9	14	17	31	6	10	16
1988	8	7	15	0	9	9	10	14	24	5	7	12
1989	6	6	12	7	10	17	4	9	13	5	7	12
1990	6	11	17	2	5	7	4	11	15	5	4	9
1991	9	9	18	2	6	8	4	9	13	6	6	12
1992	5	5	10	6	8	14	3	10	13	5	4	9
1993	7	10	17	6	4	10	3	9	12	2	8	10
1994	7	4	11	2	6	8	5	9	14	3	5	8
1995	13	9	22	10	8	18	2	5	7	3	6	9
1996	6	3	9	4	5	9	1	7	8	6	10	16
1997	11	6	17	6	10	16	3	7	10	4	6	10
1998	6	6	12	8	8	16	1	7	8	5	6	11
1999	16	12	28	4	7	11	2	11	13	3	7	10
2000	5	4	9	6	7	13	4	9	13	6	8	14
2001	7	8	15	7	8	15	3	7	10	4	9	13
2002	5	4	9	6	7	13	2	11	13	5	9	14
2003	7	8	15	5	9	14	6	12	18	6	5	11
2004	9	5	14	3	6	9	8	8	16	6	8	14
2005	6	6	12	3	5	8	1	7	8	0	3	3
2006	4	4	8	6	12	18	2	4	6	3	4	7
2007	6	7	13	2	6	8	4	12	16	3	7	10
2008	5	7	12	5	8	13	2	7	9	3	7	10
2009	11	2	13	4	12	16	4	9	13	4	6	10
2010	8	9	17	1	6	7	4	6	10	4	8	12
2011	4	5	9	4	7	11	3	7	10	4	5	9
2012	8	9	17	6	6	12	4	7	11	5	7	12
2013	8	3	11	5	4	9	2	6	8	7	13	20
2014	11	4	15	2	7	9	1	5	6	3	5	8
2015	9	4	13	4	6	10	1	8	9	3	4	7
2016	4	5	9	6	10	16	4	6	10	5	2	7
2017	11	11	22	5	8	13	4	10	14	4	8	12
2018	8	7	15	2	4	6	0	0	0	0	0	0
Delta T: 9
Year	Winter			Spring			Summer			Autumn
	Pos.	Neg.	Total	Pos.	Neg.	Total	Pos.	Neg.	Total	Pos.	Neg.	Total
1986	2	1	3	0	0	0	0	0	0	3	3	6
1987	3	5	8	2	2	4	13	16	29	5	9	14
1988	8	4	12	1	5	6	8	9	17	2	4	6
1989	4	5	9	5	8	13	3	6	9	2	4	6
1990	3	4	7	1	2	3	3	8	11	5	2	7
1991	5	6	11	1	4	5	2	8	10	5	4	9
1992	2	2	4	1	6	7	1	6	7	4	3	7
1993	6	8	14	3	3	6	0	9	9	1	3	4
1994	4	2	6	0	4	4	2	5	7	1	4	5
1995	10	7	17	5	7	12	0	4	4	3	4	7
1996	4	1	5	2	3	5	1	3	4	2	8	10
1997	5	4	9	0	8	8	1	4	5	3	3	6
1998	3	3	6	4	5	9	0	6	6	2	3	5
1999	10	11	21	1	3	4	1	5	6	2	3	5
2000	3	3	6	4	6	10	1	8	9	2	4	6
2001	3	6	9	3	5	8	3	7	10	2	8	10
2002	4	2	6	3	5	8	1	8	9	2	6	8
2003	4	8	12	1	8	9	3	8	11	4	2	6
2004	6	5	11	1	5	6	3	4	7	1	5	6
2005	5	4	9	1	4	5	1	7	8	0	3	3
2006	2	3	5	5	9	14	1	2	3	2	4	6
2007	2	4	6	2	5	7	1	9	10	0	5	5
2008	4	6	10	3	6	9	0	4	4	2	3	5
2009	4	2	6	0	8	8	2	6	8	2	6	8
2010	6	4	10	1	4	5	0	2	2	2	3	5
2011	2	4	6	2	5	7	1	6	7	1	5	6
2012	4	8	12	4	5	9	1	6	7	5	6	11
2013	6	2	8	0	3	3	1	5	6	4	8	12
2014	6	4	10	2	6	8	1	3	4	1	4	5
2015	3	4	7	3	3	6	0	5	5	1	3	4
2016	1	3	4	3	7	10	2	4	6	5	0	5
2017	7	9	16	3	7	10	2	4	6	4	8	12
2018	5	4	9	3	2	5	0	0	0	0	0	0
Delta T: 10
Year	Winter			Spring			Summer			Autumn
	Pos.	Neg.	Total	Pos.	Neg.	Total	Pos.	Neg.	Total	Pos.	Neg.	Total
1986	1	1	2	0	0	0	0	0	0	1	2	3
1987	3	3	6	0	2	2	11	13	24	5	7	12
1988	5	2	7	0	2	2	6	7	13	1	3	4
1989	1	2	3	2	6	8	2	5	7	1	1	2
1990	1	1	2	0	3	3	3	5	8	1	1	2
1991	4	2	6	1	3	4	1	4	5	0	2	2
1992	0	1	1	1	6	7	0	4	4	4	2	6
1993	4	6	10	0	3	3	0	6	6	0	1	1
1994	0	2	2	0	3	3	0	3	3	0	2	2
1995	6	5	11	3	4	7	0	4	4	1	3	4
1996	2	0	2	1	2	3	1	2	3	2	5	7
1997	3	1	4	0	6	6	1	2	3	1	1	2
1998	2	1	3	0	4	4	0	4	4	1	3	4
1999	8	7	15	1	2	3	0	3	3	0	3	3
2000	1	1	2	3	3	6	1	6	7	1	4	5
2001	2	4	6	1	4	5	2	5	7	1	3	4
2002	1	1	2	2	4	6	1	3	4	1	3	4
2003	1	4	5	1	5	6	2	6	8	2	1	3
2004	6	4	10	0	3	3	1	4	5	1	3	4
2005	3	3	6	0	4	4	1	3	4	0	2	2
2006	2	2	4	4	4	8	0	3	3	1	2	3
2007	2	3	5	1	4	5	0	5	5	0	5	5
2008	1	4	5	2	5	7	0	2	2	2	1	3
2009	2	2	4	0	5	5	0	4	4	1	2	3
2010	3	4	7	1	1	2	0	1	1	1	2	3
2011	1	2	3	0	4	4	1	5	6	1	3	4
2012	4	3	7	2	5	7	0	5	5	4	4	8
2013	2	2	4	0	3	3	0	3	3	2	3	5
2014	3	0	3	2	5	7	1	2	3	1	2	3
2015	2	4	6	2	3	5	0	4	4	1	2	3
2016	1	2	3	2	4	6	1	3	4	2	0	2
2017	6	4	10	1	3	4	1	3	4	3	7	10
2018	3	4	7	1	1	2	0	0	0	0	0	0
Delta T: 11
Year	Winter			Spring			Summer			Autumn
	Pos.	Neg.	Total	Pos.	Neg.	Total	Pos.	Neg.	Total	Pos.	Neg.	Total
1986	1	1	2	0	0	0	0	0	0	1	2	3
1987	2	1	3	0	2	2	6	10	16	2	3	5
1988	2	2	4	0	2	2	2	4	6	1	2	3
1989	0	2	2	1	4	5	2	4	6	0	1	1
1990	1	0	1	0	2	2	2	5	7	1	0	1
1991	2	2	4	0	1	1	0	4	4	0	2	2
1992	0	1	1	0	4	4	0	4	4	1	1	2
1993	2	3	5	0	3	3	0	3	3	0	0	0
1994	0	2	2	0	3	3	0	2	2	0	0	0
1995	2	2	4	3	3	6	0	3	3	1	2	3
1996	1	0	1	1	1	2	0	2	2	1	3	4
1997	2	1	3	0	6	6	1	2	3	0	0	0
1998	1	1	2	0	4	4	0	2	2	0	2	2
1999	6	3	9	0	1	1	0	3	3	0	2	2
2000	1	0	1	2	1	3	1	3	4	0	2	2
2001	1	2	3	1	2	3	1	4	5	1	3	4
2002	1	1	2	2	2	4	0	1	1	1	1	2
2003	1	4	5	0	2	2	1	4	5	2	1	3
2004	4	2	6	0	2	2	0	3	3	0	3	3
2005	3	2	5	0	2	2	0	2	2	0	1	1
2006	0	1	1	3	3	6	0	2	2	0	2	2
2007	1	2	3	0	4	4	0	2	2	0	2	2
2008	0	3	3	1	1	2	0	1	1	1	1	2
2009	1	1	2	0	3	3	0	2	2	0	1	1
2010	2	3	5	1	1	2	0	0	0	0	0	0
2011	0	2	2	0	4	4	1	3	4	1	1	2
2012	3	1	4	2	2	4	0	3	3	0	3	3
2013	2	0	2	0	3	3	0	1	1	0	1	1
2014	2	0	2	1	2	3	0	2	2	0	1	1
2015	1	2	3	2	2	4	0	2	2	0	2	2
2016	1	2	3	1	2	3	1	3	4	0	0	0
2017	6	3	9	1	2	3	1	2	3	1	7	8
2018	2	2	4	1	1	2	0	0	0	0	0	0
Delta T: 12
Year	Winter			Spring			Summer			Autumn
	Pos.	Neg.	Total	Pos.	Neg.	Total	Pos.	Neg.	Total	Pos.	Neg.	Total
1986	1	1	2	0	0	0	0	0	0	1	1	2
1987	1	1	2	0	2	2	5	6	11	1	3	4
1988	1	1	2	0	2	2	1	3	4	1	2	3
1989	0	0	0	1	1	2	2	3	5	0	0	0
1990	0	0	0	0	2	2	2	3	5	1	0	1
1991	1	0	1	0	1	1	0	3	3	0	0	0
1992	0	0	0	0	3	3	0	3	3	1	1	2
1993	1	1	2	0	2	2	0	1	1	0	0	0
1994	0	0	0	0	0	0	0	2	2	0	0	0
1995	0	1	1	1	3	4	0	1	1	0	2	2
1996	0	0	0	0	0	0	0	1	1	1	2	3
1997	1	1	2	0	3	3	1	1	2	0	0	0
1998	1	0	1	0	1	1	0	2	2	0	1	1
1999	3	2	5	0	0	0	0	1	1	0	0	0
2000	1	0	1	0	1	1	1	2	3	0	0	0
2001	0	0	0	1	1	2	0	3	3	0	3	3
2002	1	1	2	1	2	3	0	0	0	1	0	1
2003	1	2	3	0	2	2	1	1	2	0	1	1
2004	2	2	4	0	2	2	0	1	1	0	1	1
2005	2	0	2	0	0	0	0	1	1	0	0	0
2006	0	0	0	1	3	4	0	1	1	0	2	2
2007	0	1	1	0	2	2	0	1	1	0	1	1
2008	0	0	0	1	1	2	0	0	0	0	0	0
2009	0	1	1	0	2	2	0	1	1	0	1	1
2010	2	1	3	0	0	0	0	0	0	0	0	0
2011	0	1	1	0	3	3	1	2	3	0	1	1
2012	2	1	3	1	0	1	0	2	2	0	2	2
2013	0	0	0	0	1	1	0	1	1	0	0	0
2014	2	0	2	0	0	0	0	1	1	0	1	1
2015	0	1	1	2	1	3	0	1	1	0	1	1
2016	1	1	2	0	1	1	0	3	3	0	0	0
2017	2	1	3	0	1	1	0	2	2	0	4	4
2018	0	1	1	1	1	2	0	0	0	0	0	0
Delta T: 13
Year	Winter			Spring			Summer			Autumn
	Pos.	Neg.	Total	Pos.	Neg.	Total	Pos.	Neg.	Total	Pos.	Neg.	Total
1986	1	1	2	0	0	0	0	0	0	1	1	2
1987	1	1	2	0	1	1	2	4	6	0	2	2
1988	1	0	1	0	1	1	1	2	3	1	1	2
1989	0	0	0	0	1	1	2	2	4	0	0	0
1990	0	0	0	0	1	1	2	3	5	1	0	1
1991	1	0	1	0	1	1	0	2	2	0	0	0
1992	0	0	0	0	2	2	0	2	2	0	1	1
1993	1	1	2	0	2	2	0	0	0	0	0	0
1994	0	0	0	0	0	0	0	0	0	0	0	0
1995	0	1	1	0	1	1	0	0	0	0	1	1
1996	0	0	0	0	0	0	0	0	0	0	0	0
1997	0	0	0	0	2	2	0	0	0	0	0	0
1998	0	0	0	0	1	1	0	0	0	0	1	1
1999	1	1	2	0	0	0	0	0	0	0	0	0
2000	1	0	1	0	1	1	0	2	2	0	0	0
2001	0	0	0	0	1	1	0	2	2	0	1	1
2002	0	0	0	0	1	1	0	0	0	1	0	1
2003	0	1	1	0	1	1	0	1	1	0	0	0
2004	2	1	3	0	1	1	0	0	0	0	1	1
2005	1	0	1	0	0	0	0	1	1	0	0	0
2006	0	0	0	0	1	1	0	1	1	0	2	2
2007	0	1	1	0	2	2	0	0	0	0	0	0
2008	0	0	0	1	1	2	0	0	0	0	0	0
2009	0	0	0	0	1	1	0	1	1	0	1	1
2010	2	0	2	0	0	0	0	0	0	0	0	0
2011	0	1	1	0	1	1	1	2	3	0	1	1
2012	2	1	3	0	0	0	0	0	0	0	2	2
2013	0	0	0	0	1	1	0	1	1	0	0	0
2014	0	0	0	0	0	0	0	1	1	0	1	1
2015	0	0	0	0	0	0	0	0	0	0	0	0
2016	1	1	2	0	1	1	0	1	1	0	0	0
2017	0	0	0	0	1	1	0	0	0	0	2	2
2018	0	1	1	1	0	1	0	0	0	0	0	0
Delta T: 14
Year	Winter			Spring			Summer			Autumn
	Pos.	Neg.	Total	Pos.	Neg.	Total	Pos.	Neg.	Total	Pos.	Neg.	Total
1986	0	0	0	0	0	0	0	0	0	0	1	1
1987	1	1	2	0	1	1	2	4	6	0	1	1
1988	0	0	0	0	1	1	0	2	2	1	0	1
1989	0	0	0	0	1	1	2	2	4	0	0	0
1990	0	0	0	0	1	1	2	3	5	0	0	0
1991	1	0	1	0	1	1	0	1	1	0	0	0
1992	0	0	0	0	1	1	0	0	0	0	0	0
1993	0	1	1	0	0	0	0	0	0	0	0	0
1994	0	0	0	0	0	0	0	0	0	0	0	0
1995	0	1	1	0	0	0	0	0	0	0	1	1
1996	0	0	0	0	0	0	0	0	0	0	0	0
1997	0	0	0	0	1	1	0	0	0	0	0	0
1998	0	0	0	0	1	1	0	0	0	0	1	1
1999	0	1	1	0	0	0	0	0	0	0	0	0
2000	1	0	1	0	0	0	0	1	1	0	0	0
2001	0	0	0	0	1	1	0	2	2	0	0	0
2002	0	0	0	0	0	0	0	0	0	0	0	0
2003	0	0	0	0	1	1	0	1	1	0	0	0
2004	1	1	2	0	1	1	0	0	0	0	1	1
2005	1	0	1	0	0	0	0	0	0	0	0	0
2006	0	0	0	0	0	0	0	0	0	0	1	1
2007	0	0	0	0	1	1	0	0	0	0	0	0
2008	0	0	0	1	0	1	0	0	0	0	0	0
2009	0	0	0	0	0	0	0	1	1	0	0	0
2010	0	0	0	0	0	0	0	0	0	0	0	0
2011	0	1	1	0	0	0	0	2	2	0	1	1
2012	1	0	1	0	0	0	0	0	0	0	1	1
2013	0	0	0	0	1	1	0	1	1	0	0	0
2014	0	0	0	0	0	0	0	0	0	0	1	1
2015	0	0	0	0	0	0	0	0	0	0	0	0
2016	1	1	2	0	1	1	0	0	0	0	0	0
2017	0	0	0	0	1	1	0	0	0	0	0	0
2018	0	0	0	0	0	0	0	0	0	0	0	0
Delta T: 15
Year	Winter			Spring			Summer			Autumn
	Pos.	Neg.	Total	Pos.	Neg.	Total	Pos.	Neg.	Total	Pos.	Neg.	Total
1986	0	0	0	0	0	0	0	0	0	0	0	0
1987	1	1	2	0	1	1	2	4	6	0	0	0
1988	0	0	0	0	1	1	0	0	0	0	0	0
1989	0	0	0	0	1	1	1	2	3	0	0	0
1990	0	0	0	0	0	0	2	3	5	0	0	0
1991	0	0	0	0	1	1	0	0	0	0	0	0
1992	0	0	0	0	0	0	0	0	0	0	0	0
1993	0	1	1	0	0	0	0	0	0	0	0	0
1994	0	0	0	0	0	0	0	0	0	0	0	0
1995	0	0	0	0	0	0	0	0	0	0	0	0
1996	0	0	0	0	0	0	0	0	0	0	0	0
1997	0	0	0	0	1	1	0	0	0	0	0	0
1998	0	0	0	0	0	0	0	0	0	0	0	0
1999	0	0	0	0	0	0	0	0	0	0	0	0
2000	0	0	0	0	0	0	0	1	1	0	0	0
2001	0	0	0	0	0	0	0	1	1	0	0	0
2002	0	0	0	0	0	0	0	0	0	0	0	0
2003	0	0	0	0	1	1	0	1	1	0	0	0
2004	0	0	0	0	0	0	0	0	0	0	1	1
2005	1	0	1	0	0	0	0	0	0	0	0	0
2006	0	0	0	0	0	0	0	0	0	0	0	0
2007	0	0	0	0	0	0	0	0	0	0	0	0
2008	0	0	0	0	0	0	0	0	0	0	0	0
2009	0	0	0	0	0	0	0	1	1	0	0	0
2010	0	0	0	0	0	0	0	0	0	0	0	0
2011	0	0	0	0	0	0	0	1	1	0	1	1
2012	1	0	1	0	0	0	0	0	0	0	0	0
2013	0	0	0	0	1	1	0	1	1	0	0	0
2014	0	0	0	0	0	0	0	0	0	0	1	1
2015	0	0	0	0	0	0	0	0	0	0	0	0
2016	1	0	1	0	1	1	0	0	0	0	0	0
2017	0	0	0	0	1	1	0	0	0	0	0	0
2018	0	0	0	0	0	0	0	0	0	0	0	0
Delta T: 16
Year	Winter			Spring			Summer			Autumn
	Pos.	Neg.	Total	Pos.	Neg.	Total	Pos.	Neg.	Total	Pos.	Neg.	Total
1986	0	0	0	0	0	0	0	0	0	0	0	0
1987	1	0	1	0	1	1	1	4	5	0	0	0
1988	0	0	0	0	1	1	0	0	0	0	0	0
1989	0	0	0	0	0	0	1	1	2	0	0	0
1990	0	0	0	0	0	0	2	3	5	0	0	0
1991	0	0	0	0	0	0	0	0	0	0	0	0
1992	0	0	0	0	0	0	0	0	0	0	0	0
1993	0	1	1	0	0	0	0	0	0	0	0	0
1994	0	0	0	0	0	0	0	0	0	0	0	0
1995	0	0	0	0	0	0	0	0	0	0	0	0
1996	0	0	0	0	0	0	0	0	0	0	0	0
1997	0	0	0	0	1	1	0	0	0	0	0	0
1998	0	0	0	0	0	0	0	0	0	0	0	0
1999	0	0	0	0	0	0	0	0	0	0	0	0
2000	0	0	0	0	0	0	0	0	0	0	0	0
2001	0	0	0	0	0	0	0	0	0	0	0	0
2002	0	0	0	0	0	0	0	0	0	0	0	0
2003	0	0	0	0	0	0	0	0	0	0	0	0
2004	0	0	0	0	0	0	0	0	0	0	0	0
2005	1	0	1	0	0	0	0	0	0	0	0	0
2006	0	0	0	0	0	0	0	0	0	0	0	0
2007	0	0	0	0	0	0	0	0	0	0	0	0
2008	0	0	0	0	0	0	0	0	0	0	0	0
2009	0	0	0	0	0	0	0	0	0	0	0	0
2010	0	0	0	0	0	0	0	0	0	0	0	0
2011	0	0	0	0	0	0	0	0	0	0	1	1
2012	1	0	1	0	0	0	0	0	0	0	0	0
2013	0	0	0	0	1	1	0	1	1	0	0	0
2014	0	0	0	0	0	0	0	0	0	0	0	0
2015	0	0	0	0	0	0	0	0	0	0	0	0
2016	1	0	1	0	1	1	0	0	0	0	0	0
2017	0	0	0	0	0	0	0	0	0	0	0	0
2018	0	0	0	0	0	0	0	0	0	0	0	0
Delta T: 17
Year	Winter			Spring			Summer			Autumn
	Pos.	Neg.	Total	Pos.	Neg.	Total	Pos.	Neg.	Total	Pos.	Neg.	Total
1986	0	0	0	0	0	0	0	0	0	0	0	0
1987	1	0	1	0	1	1	1	3	4	0	0	0
1988	0	0	0	0	1	1	0	0	0	0	0	0
1989	0	0	0	0	0	0	1	1	2	0	0	0
1990	0	0	0	0	0	0	2	2	4	0	0	0
1991	0	0	0	0	0	0	0	0	0	0	0	0
1992	0	0	0	0	0	0	0	0	0	0	0	0
1993	0	0	0	0	0	0	0	0	0	0	0	0
1994	0	0	0	0	0	0	0	0	0	0	0	0
1995	0	0	0	0	0	0	0	0	0	0	0	0
1996	0	0	0	0	0	0	0	0	0	0	0	0
1997	0	0	0	0	0	0	0	0	0	0	0	0
1998	0	0	0	0	0	0	0	0	0	0	0	0
1999	0	0	0	0	0	0	0	0	0	0	0	0
2000	0	0	0	0	0	0	0	0	0	0	0	0
2001	0	0	0	0	0	0	0	0	0	0	0	0
2002	0	0	0	0	0	0	0	0	0	0	0	0
2003	0	0	0	0	0	0	0	0	0	0	0	0
2004	0	0	0	0	0	0	0	0	0	0	0	0
2005	1	0	1	0	0	0	0	0	0	0	0	0
2006	0	0	0	0	0	0	0	0	0	0	0	0
2007	0	0	0	0	0	0	0	0	0	0	0	0
2008	0	0	0	0	0	0	0	0	0	0	0	0
2009	0	0	0	0	0	0	0	0	0	0	0	0
2010	0	0	0	0	0	0	0	0	0	0	0	0
2011	0	0	0	0	0	0	0	0	0	0	1	1
2012	0	0	0	0	0	0	0	0	0	0	0	0
2013	0	0	0	0	0	0	0	1	1	0	0	0
2014	0	0	0	0	0	0	0	0	0	0	0	0
2015	0	0	0	0	0	0	0	0	0	0	0	0
2016	1	0	1	0	1	1	0	0	0	0	0	0
2017	0	0	0	0	0	0	0	0	0	0	0	0
2018	0	0	0	0	0	0	0	0	0	0	0	0
Delta T: 18
Year	Winter			Spring			Summer			Autumn
	Pos.	Neg.	Total	Pos.	Neg.	Total	Pos.	Neg.	Total	Pos.	Neg.	Total
1986	0	0	0	0	0	0	0	0	0	0	0	0
1987	0	0	0	0	0	0	0	2	2	0	0	0
1988	0	0	0	0	1	1	0	0	0	0	0	0
1989	0	0	0	0	0	0	1	1	2	0	0	0
1990	0	0	0	0	0	0	2	1	3	0	0	0
1991	0	0	0	0	0	0	0	0	0	0	0	0
1992	0	0	0	0	0	0	0	0	0	0	0	0
1993	0	0	0	0	0	0	0	0	0	0	0	0
1994	0	0	0	0	0	0	0	0	0	0	0	0
1995	0	0	0	0	0	0	0	0	0	0	0	0
1996	0	0	0	0	0	0	0	0	0	0	0	0
1997	0	0	0	0	0	0	0	0	0	0	0	0
1998	0	0	0	0	0	0	0	0	0	0	0	0
1999	0	0	0	0	0	0	0	0	0	0	0	0
2000	0	0	0	0	0	0	0	0	0	0	0	0
2001	0	0	0	0	0	0	0	0	0	0	0	0
2002	0	0	0	0	0	0	0	0	0	0	0	0
2003	0	0	0	0	0	0	0	0	0	0	0	0
2004	0	0	0	0	0	0	0	0	0	0	0	0
2005	1	0	1	0	0	0	0	0	0	0	0	0
2006	0	0	0	0	0	0	0	0	0	0	0	0
2007	0	0	0	0	0	0	0	0	0	0	0	0
2008	0	0	0	0	0	0	0	0	0	0	0	0
2009	0	0	0	0	0	0	0	0	0	0	0	0
2010	0	0	0	0	0	0	0	0	0	0	0	0
2011	0	0	0	0	0	0	0	0	0	0	0	0
2012	0	0	0	0	0	0	0	0	0	0	0	0
2013	0	0	0	0	0	0	0	0	0	0	0	0
2014	0	0	0	0	0	0	0	0	0	0	0	0
2015	0	0	0	0	0	0	0	0	0	0	0	0
2016	0	0	0	0	0	0	0	0	0	0	0	0
2017	0	0	0	0	0	0	0	0	0	0	0	0
2018	0	0	0	0	0	0	0	0	0	0	0	0
Delta T: 19
Year	Winter			Spring			Summer			Autumn
	Pos.	Neg.	Total	Pos.	Neg.	Total	Pos.	Neg.	Total	Pos.	Neg.	Total
1986	0	0	0	0	0	0	0	0	0	0	0	0
1987	0	0	0	0	0	0	0	1	1	0	0	0
1988	0	0	0	0	1	1	0	0	0	0	0	0
1989	0	0	0	0	0	0	0	1	1	0	0	0
1990	0	0	0	0	0	0	1	1	2	0	0	0
1991	0	0	0	0	0	0	0	0	0	0	0	0
1992	0	0	0	0	0	0	0	0	0	0	0	0
1993	0	0	0	0	0	0	0	0	0	0	0	0
1994	0	0	0	0	0	0	0	0	0	0	0	0
1995	0	0	0	0	0	0	0	0	0	0	0	0
1996	0	0	0	0	0	0	0	0	0	0	0	0
1997	0	0	0	0	0	0	0	0	0	0	0	0
1998	0	0	0	0	0	0	0	0	0	0	0	0
1999	0	0	0	0	0	0	0	0	0	0	0	0
2000	0	0	0	0	0	0	0	0	0	0	0	0
2001	0	0	0	0	0	0	0	0	0	0	0	0
2002	0	0	0	0	0	0	0	0	0	0	0	0
2003	0	0	0	0	0	0	0	0	0	0	0	0
2004	0	0	0	0	0	0	0	0	0	0	0	0
2005	0	0	0	0	0	0	0	0	0	0	0	0
2006	0	0	0	0	0	0	0	0	0	0	0	0
2007	0	0	0	0	0	0	0	0	0	0	0	0
2008	0	0	0	0	0	0	0	0	0	0	0	0
2009	0	0	0	0	0	0	0	0	0	0	0	0
2010	0	0	0	0	0	0	0	0	0	0	0	0
2011	0	0	0	0	0	0	0	0	0	0	0	0
2012	0	0	0	0	0	0	0	0	0	0	0	0
2013	0	0	0	0	0	0	0	0	0	0	0	0
2014	0	0	0	0	0	0	0	0	0	0	0	0
2015	0	0	0	0	0	0	0	0	0	0	0	0
2016	0	0	0	0	0	0	0	0	0	0	0	0
2017	0	0	0	0	0	0	0	0	0	0	0	0
2018	0	0	0	0	0	0	0	0	0	0	0	0
Delta T: 20
Year	Winter			Spring			Summer			Autumn
	Pos.	Neg.	Total	Pos.	Neg.	Total	Pos.	Neg.	Total	Pos.	Neg.	Total
1986	0	0	0	0	0	0	0	0	0	0	0	0
1987	0	0	0	0	0	0	0	1	1	0	0	0
1988	0	0	0	0	0	0	0	0	0	0	0	0
1989	0	0	0	0	0	0	0	0	0	0	0	0
1990	0	0	0	0	0	0	0	1	1	0	0	0
1991	0	0	0	0	0	0	0	0	0	0	0	0
1992	0	0	0	0	0	0	0	0	0	0	0	0
1993	0	0	0	0	0	0	0	0	0	0	0	0
1994	0	0	0	0	0	0	0	0	0	0	0	0
1995	0	0	0	0	0	0	0	0	0	0	0	0
1996	0	0	0	0	0	0	0	0	0	0	0	0
1997	0	0	0	0	0	0	0	0	0	0	0	0
1998	0	0	0	0	0	0	0	0	0	0	0	0
1999	0	0	0	0	0	0	0	0	0	0	0	0
2000	0	0	0	0	0	0	0	0	0	0	0	0
2001	0	0	0	0	0	0	0	0	0	0	0	0
2002	0	0	0	0	0	0	0	0	0	0	0	0
2003	0	0	0	0	0	0	0	0	0	0	0	0
2004	0	0	0	0	0	0	0	0	0	0	0	0
2005	0	0	0	0	0	0	0	0	0	0	0	0
2006	0	0	0	0	0	0	0	0	0	0	0	0
2007	0	0	0	0	0	0	0	0	0	0	0	0
2008	0	0	0	0	0	0	0	0	0	0	0	0
2009	0	0	0	0	0	0	0	0	0	0	0	0
2010	0	0	0	0	0	0	0	0	0	0	0	0
2011	0	0	0	0	0	0	0	0	0	0	0	0
2012	0	0	0	0	0	0	0	0	0	0	0	0
2013	0	0	0	0	0	0	0	0	0	0	0	0
2014	0	0	0	0	0	0	0	0	0	0	0	0
2015	0	0	0	0	0	0	0	0	0	0	0	0
2016	0	0	0	0	0	0	0	0	0	0	0	0
2017	0	0	0	0	0	0	0	0	0	0	0	0
2018	0	0	0	0	0	0	0	0	0	0	0	0
